function [c , ceq]= constraint(x)
c = [0.3-13.77*x(12)+2.62*x(1) ;...
0.3-2.37*x(4)+3.23*x(2) ;...
0.3-3.52*x(1)+2.23*x(3) ;...
0.3-3.97*x(6)+1.93*x(4) ;...
0.3-5.57*x(9)+1.93*x(4) ;...
0.3-3.27*x(13)+1.93*x(4) ;...
0.3-2.77*x(3)+2.38*x(5) ;...
0.3-7.57*x(9)+2.38*x(5) ;...
0.3-2.67*x(13)+2.38*x(5) ;...
0.3-4.18*x(8)+2.92*x(6) ;...
0.3-3.12*x(5)+4.58*x(7) ;...
0.3-24.26*x(10)+2.97*x(8) ;...
0.3-16.0*x(7)+3.63*x(9) ;...
0.3-2.68*x(13)+2.5*x(10) ;...
0.3-2.78*x(3)+2.5*x(10) ;...
0.3-6.13*x(6)+2.5*x(10) ;...
0.3-27.99*x(2)+2.97*x(11) ;...
0.3-2.32*x(14)+3.05*x(12) ;...
0.3-4.07*x(11)+2.21*x(13) ;...
0.3-5.4*x(9)+1.91*x(14) ;...
0.3-3.26*x(3)+1.91*x(14) ;...
0.3-3.88*x(6)+1.91*x(14) ;...
0.2-2.62*x(1);...
0.2-13.77*x(12) ;...
0.2-3.23*x(2);...
0.2-2.37*x(4) ;...
0.2-2.23*x(3);...
0.2-3.52*x(1) ;...
0.2-1.93*x(4);...
0.2-3.97*x(6) ;...
0.2-5.57*x(9) ;...
0.2-3.27*x(13) ;...
0.2-2.38*x(5);...
0.2-2.77*x(3) ;...
0.2-7.57*x(9) ;...
0.2-2.67*x(13) ;...
0.2-2.92*x(6);...
0.2-4.18*x(8) ;...
0.2-4.58*x(7);...
0.2-3.12*x(5) ;...
0.2-2.97*x(8);...
0.2-24.26*x(10) ;...
0.2-3.63*x(9);...
0.2-16.0*x(7) ;...
0.2-2.5*x(10);...
0.2-2.68*x(13) ;...
0.2-2.78*x(3) ;...
0.2-6.13*x(6) ;...
0.2-2.97*x(11);...
0.2-27.99*x(2) ;...
0.2-3.05*x(12);...
0.2-2.32*x(14) ;...
0.2-2.21*x(13);...
0.2-4.07*x(11) ;...
0.2-1.91*x(14);...
0.2-5.4*x(9) ;...
0.2-3.26*x(3) ;...
0.2-3.88*x(6) ;...
0.3-4.12*x(6)+1.83*x(4) ;...
0.3-5.86*x(9)+1.83*x(4) ;...
0.3-2.44*x(13)+1.83*x(4) ;...
0.3-2.32*x(13)+2.38*x(5) ;...
0.3-7.57*x(9)+2.38*x(5) ;...
0.3-4.24*x(8)+2.95*x(6) ;...
0.3-3.36*x(5)+5.13*x(7) ;...
0.3-11.89*x(7)+3.67*x(9) ;...
0.3-2.33*x(13)+2.67*x(10) ;...
0.3-5.4*x(6)+2.67*x(10) ;...
0.3-2.25*x(14)+3.05*x(12) ;...
0.3-3.69*x(11)+2.09*x(13) ;...
0.3-5.2*x(9)+2.04*x(14) ;...
0.3-3.77*x(6)+2.04*x(14) ;...
0.2-1.83*x(4);...
0.2-4.12*x(6) ;...
0.2-5.86*x(9) ;...
0.2-2.44*x(13) ;...
0.2-2.38*x(5);...
0.2-2.32*x(13) ;...
0.2-7.57*x(9) ;...
0.2-2.95*x(6);...
0.2-4.24*x(8) ;...
0.2-5.13*x(7);...
0.2-3.36*x(5) ;...
0.2-3.01*x(8);...
0.2-3.67*x(9);...
0.2-11.89*x(7) ;...
0.2-2.67*x(10);...
0.2-2.33*x(13) ;...
0.2-5.4*x(6) ;...
0.2-3.04*x(11);...
0.2-3.05*x(12);...
0.2-2.25*x(14) ;...
0.2-2.09*x(13);...
0.2-3.69*x(11) ;...
0.2-2.04*x(14);...
0.2-5.2*x(9) ;...
0.2-3.77*x(6) ;...
0.3-3.81*x(12)+2.47*x(1) ;...
0.3-2.32*x(13)+2.53*x(5) ;...
0.3-6.88*x(9)+2.53*x(5) ;...
0.3-4.24*x(8)+2.95*x(6) ;...
0.3-3.36*x(5)+5.13*x(7) ;...
0.3-11.89*x(7)+3.67*x(9) ;...
0.3-2.33*x(13)+2.67*x(10) ;...
0.3-5.4*x(6)+2.67*x(10) ;...
0.3-2.25*x(14)+2.94*x(12) ;...
0.3-3.69*x(11)+2.09*x(13) ;...
0.3-5.2*x(9)+2.04*x(14) ;...
0.3-3.77*x(6)+2.04*x(14) ;...
0.3-2.49*x(4)+3.37*x(2) ;...
0.3-3.56*x(1)+2.24*x(3) ;...
0.3-3.12*x(13)+2.01*x(4) ;...
0.3-4.27*x(9)+2.01*x(4) ;...
0.3-3.71*x(10)+2.76*x(8) ;...
0.3-2.64*x(13)+2.68*x(10) ;...
0.3-2.73*x(3)+2.68*x(10) ;...
0.3-2.43*x(14)+3.26*x(12) ;...
0.3-4.11*x(11)+2.22*x(13) ;...
0.3-4.18*x(9)+1.99*x(14) ;...
0.3-3.13*x(3)+1.99*x(14) ;...
0.2-2.65*x(1);...
0.2-3.37*x(2);...
0.2-2.49*x(4) ;...
0.2-2.24*x(3);...
0.2-3.56*x(1) ;...
0.2-2.01*x(4);...
0.2-3.12*x(13) ;...
0.2-4.27*x(9) ;...
0.2-2.76*x(8);...
0.2-3.71*x(10) ;...
0.2-3.39*x(9);...
0.2-2.68*x(10);...
0.2-2.64*x(13) ;...
0.2-2.73*x(3) ;...
0.2-3.01*x(11);...
0.2-3.26*x(12);...
0.2-2.43*x(14) ;...
0.2-2.22*x(13);...
0.2-4.11*x(11) ;...
0.2-1.99*x(14);...
0.2-4.18*x(9) ;...
0.2-3.13*x(3) ;...
0.3-2.49*x(4)+3.37*x(2) ;...
0.3-3.56*x(1)+2.24*x(3) ;...
0.3-3.12*x(13)+2.01*x(4) ;...
0.3-4.27*x(9)+2.01*x(4) ;...
0.3-2.83*x(3)+4.59*x(5) ;...
0.3-4.43*x(9)+4.59*x(5) ;...
0.3-2.73*x(13)+4.59*x(5) ;...
0.3-2.64*x(13)+2.68*x(10) ;...
0.3-2.73*x(3)+2.68*x(10) ;...
0.3-2.43*x(14)+3.26*x(12) ;...
0.3-4.11*x(11)+2.22*x(13) ;...
0.3-4.18*x(9)+1.99*x(14) ;...
0.3-3.13*x(3)+1.99*x(14) ;...
0.2-2.65*x(1);...
0.2-3.37*x(2);...
0.2-2.49*x(4) ;...
0.2-2.24*x(3);...
0.2-3.56*x(1) ;...
0.2-2.01*x(4);...
0.2-3.12*x(13) ;...
0.2-4.27*x(9) ;...
0.2-4.59*x(5);...
0.2-2.83*x(3) ;...
0.2-4.43*x(9) ;...
0.2-2.73*x(13) ;...
0.2-3.39*x(9);...
0.2-2.68*x(10);...
0.2-2.64*x(13) ;...
0.2-2.73*x(3) ;...
0.2-3.01*x(11);...
0.2-3.26*x(12);...
0.2-2.43*x(14) ;...
0.2-2.22*x(13);...
0.2-4.11*x(11) ;...
0.2-1.99*x(14);...
0.2-4.18*x(9) ;...
0.2-3.13*x(3) ;...
0.3-2.55*x(4)+3.46*x(2) ;...
0.3-3.57*x(1)+2.25*x(3) ;...
0.3-3.1*x(6)+2.04*x(4) ;...
0.3-3.07*x(13)+2.04*x(4) ;...
0.3-2.7*x(3)+2.65*x(5) ;...
0.3-2.53*x(13)+2.65*x(5) ;...
0.3-3.69*x(8)+2.67*x(6) ;...
0.3-2.99*x(5)+4.32*x(7) ;...
0.3-2.49*x(14)+3.35*x(12) ;...
0.3-4.13*x(11)+2.22*x(13) ;...
0.3-3.05*x(6)+2.03*x(14) ;...
0.3-3.09*x(3)+2.03*x(14) ;...
0.2-2.66*x(1);...
0.2-3.46*x(2);...
0.2-2.55*x(4) ;...
0.2-2.25*x(3);...
0.2-3.57*x(1) ;...
0.2-2.04*x(4);...
0.2-3.1*x(6) ;...
0.2-3.07*x(13) ;...
0.2-2.65*x(5);...
0.2-2.7*x(3) ;...
0.2-2.53*x(13) ;...
0.2-2.67*x(6);...
0.2-3.69*x(8) ;...
0.2-4.32*x(7);...
0.2-2.99*x(5) ;...
0.2-3.04*x(8);...
0.2-3.02*x(11);...
0.2-3.35*x(12);...
0.2-2.49*x(14) ;...
0.2-2.22*x(13);...
0.2-4.13*x(11) ;...
0.2-2.03*x(14);...
0.2-3.05*x(6) ;...
0.2-3.09*x(3) ;...
0.3-2.29*x(4)+3.0*x(2) ;...
0.3-3.23*x(1)+2.1*x(3) ;...
0.3-3.64*x(6)+2.06*x(4) ;...
0.3-5.32*x(9)+2.06*x(4) ;...
0.3-2.36*x(3)+2.55*x(5) ;...
0.3-6.8*x(9)+2.55*x(5) ;...
0.3-4.25*x(8)+2.96*x(6) ;...
0.3-3.4*x(5)+5.23*x(7) ;...
0.3-11.52*x(7)+3.68*x(9) ;...
0.3-5.33*x(6)+2.7*x(10) ;...
0.3-2.37*x(3)+2.7*x(10) ;...
0.3-5.62*x(9)+1.81*x(14) ;...
0.3-2.44*x(3)+1.81*x(14) ;...
0.3-3.99*x(6)+1.81*x(14) ;...
0.2-2.69*x(1);...
0.2-3.0*x(2);...
0.2-2.29*x(4) ;...
0.2-2.1*x(3);...
0.2-3.23*x(1) ;...
0.2-2.06*x(4);...
0.2-3.64*x(6) ;...
0.2-5.32*x(9) ;...
0.2-2.55*x(5);...
0.2-2.36*x(3) ;...
0.2-6.8*x(9) ;...
0.2-2.96*x(6);...
0.2-4.25*x(8) ;...
0.2-5.23*x(7);...
0.2-3.4*x(5) ;...
0.2-3.02*x(8);...
0.2-3.68*x(9);...
0.2-11.52*x(7) ;...
0.2-2.7*x(10);...
0.2-5.33*x(6) ;...
0.2-2.37*x(3) ;...
0.2-1.81*x(14);...
0.2-5.62*x(9) ;...
0.2-2.44*x(3) ;...
0.2-3.99*x(6) ;...
0.3-2.29*x(4)+3.0*x(2) ;...
0.3-3.23*x(1)+2.1*x(3) ;...
0.3-3.84*x(6)+2.06*x(4) ;...
0.3-5.32*x(9)+2.06*x(4) ;...
0.3-2.36*x(3)+2.55*x(5) ;...
0.3-6.8*x(9)+2.55*x(5) ;...
0.3-4.25*x(8)+2.96*x(6) ;...
0.3-3.4*x(5)+5.23*x(7) ;...
0.3-11.52*x(7)+3.68*x(9) ;...
0.3-5.33*x(6)+2.7*x(10) ;...
0.3-2.37*x(3)+2.7*x(10) ;...
0.3-3.89*x(2)+2.78*x(11) ;...
0.2-2.69*x(1);...
0.2-3.0*x(2);...
0.2-2.29*x(4) ;...
0.2-2.1*x(3);...
0.2-3.23*x(1) ;...
0.2-2.06*x(4);...
0.2-3.84*x(6) ;...
0.2-5.32*x(9) ;...
0.2-2.55*x(5);...
0.2-2.36*x(3) ;...
0.2-6.8*x(9) ;...
0.2-2.96*x(6);...
0.2-4.25*x(8) ;...
0.2-5.23*x(7);...
0.2-3.4*x(5) ;...
0.2-3.02*x(8);...
0.2-3.68*x(9);...
0.2-11.52*x(7) ;...
0.2-2.7*x(10);...
0.2-5.33*x(6) ;...
0.2-2.37*x(3) ;...
0.2-2.78*x(11);...
0.2-3.89*x(2) ;...
];

ceq=[];

end